MULTI-FACTOR SCREEN — Portfolio-1 (73 names) — 2026-06-29
====================================================================================================
RANKSYM      COMP          GATE    Q  V  G  M IVR  T   revG%  tgt% ROE%  6mo%
----------------------------------------------------------------------------------------------------
1   LITE     84.1            OK   76100100100  56 55   90.1    31   23   118
2   NVDA     83.7            OK  100100100 31  73 80   85.2    55  114     2
3   TSM      77.8            OK  100 24100100 100 30   35.1     7   36    51
4   MSFT     77.4            OK  100100 73  0  98 80   18.3    52   34   -24
5   COST     75.1            OK   97 48 86 47  92 80   21.5    14   29     9
6   GOOG     74.6            OK  100 71 87 54  62 55   21.8    21   39    12
7   NU       74.6            OK  100100100  0  91 10   43.7    36   30   -22
8   PL       73.7            OK    0 91100100 100 55   42.1    27  -84    62
9   ANET     73.5            OK  100 53100 86  47 30   35.1    16   32    24
10  META     73.2            OK  100100100  0  52 55   33.1    47   33   -15
11  UBER     70.7            OK  100100 58  7 100 30   14.5    38   35    -7
12  BWXT     69.4            OK   97 87100 45   2 55   26.1    26   29     8
13  AAPL     69.1            OK  100 39 66 33 100 80   16.6    12  141     3
14  AMZN     68.5            OK   81100 66 33  57 55   16.6    30   24     3
15  ALAB     67.1            OK   70  0100100 100 30   93.4   -40   21   173
16  MRVL     66.2            OK   53  0100100 100 55   27.6   -10   16   222
17  LASR     65.9            OK    0100100100  36 55   55.2    33   -5    66
18  GEV      64.8            OK  100 33 65100  48 30   16.3    10   76    66
19  APH      64.6            OK  100 35100 79  32 10   58.4    11   37    22
20  NFLX     64.2            OK  100100 65  0   8100   16.2    55   48   -22
21  PBR      63.3            OK   85100  2100   6100    0.4    42   26    43
22  ROKU     61.5            OK   26 42 90 80 100 30   22.4    13    8    22
23  RBRK     59.9            OK    - 83100 18  38 30   39.0    25    0    -3
24  XOM      58.0            OK   33 84 10 64  86100    2.6    25   10    16
25  AXON     56.9            OK   23 99100  0  64 30   33.7    30    7   -13
26  SPCX     54.8            OK    - 48 62  -   -  -   15.4    14    0     0
27  ABNB     54.6            OK  100 22 72 44  42 30   17.9     7   32     8
28  IBN      53.4            OK   55 68100 19  33 10   66.9    20   16    -2
29  CCL      52.2            OK   89 73 21 15  68 30    5.3    22   27    -4
30  LLY      52.2            OK  100  0100 61   0 30   55.5    -1  107    15
31  CCJ      49.3            OK   32 92 28 54  35 55    7.1    28   10    11
32  TWLO     48.9            OK    4  4 80100  55 80   20.0     1    1    42
33  ALB      48.1            OK    0100100  0   1 80   32.7    64   -2   -13
34  CRWD     47.5            OK    0  0100100  76 10   25.6    -4   -0    54
35  RTX      47.3            OK   39 51 35 30 100 30    8.7    15   12     2
36  BROS     46.6            OK   46 30100 55  15 10   30.8     9   14    12
37  STNE     46.4            OK  100100 17  0   0 30    4.3    58   31   -11
38  MRK      45.3            OK   63  3 20 82  99 10    4.9     1   19    23
39  OKTA     44.4            OK   12  0 45100 100 30   11.2    -8    4    48
40  ABBV     42.9            OK    -  0 50 56 100 10   12.4     0    0    12
41  HOOD     42.7            OK   72  9 60  0  77 30   15.1     3   21   -14
42  EXPE     41.2            OK  100 26 59  7   1 30   14.7     8   71    -7
43  JD       39.8            OK   20100 20  0  12100    4.9    58    6   -11
44  NTRA     39.1            OK    0  0100 66  54 10   38.8    -4  -15    17
45  TSLA     37.9            OK   16  8 63  0 100 55   15.8     2    5   -13
46  UNH      27.1            OK   41  0  8 96   0 30    2.0    -2   12    28
47  ELF      22.9            OK    0  9100  0   0 10   35.1     3   -0   -13
48  TOTAL     0.0            OK    -  -  -  -   -  -    0.0     0    0     0
49  IONQ     76.8  negative_FCF   38 92100 68  85 80  754.7    28   11    17
50  ONDS     75.5  negative_FCF  100100100 11  25100  1079.9   151   43    -5
51  APP      68.0 falling_knife  100100100  0   0 80   59.0    30  266   -30
52  TCOM     64.6 falling_knife   67100 69  0  49100   17.2    57   20   -45
53  RGTI     60.5  negative_FCF    0100100  0 100 55  198.9    52  -57   -13
54  AMKR     59.7  negative_FCF   33  0100100 100 30   27.5    -5   10   103
55  RKLB     58.4  negative_FCF    0 40100100  66 55   63.5    12  -14    39
56  SHOP     58.1 falling_knife   38 99100  0  34 55   34.3    30   11   -33
57  KTOS     54.6negative_FCF,f    4100 90  0  38100   22.6   139    1   -40
58  SONY     53.9  negative_FCF   41100 33  0  73 80    8.3    44   12   -21
59  BE       51.2  over_levered    4  0100100  66 55  130.4    -3    1   205
60  MP       50.2  negative_FCF    0100100 31   0 55  118.6    47   -4     3
61  HUT      46.0  negative_FCF    0 24100100   4 55  225.5     7  -27   138
62  QBTS     42.1negative_FCF,r    0100  0 11 100 55  -80.9    57  -55    -6
63  CIFR     41.5negative_FCF,r    0100  0100   7 55  -28.8    31 -122    63
64  MMYT     39.7 falling_knife   30100  8  0  75 10    1.9    32    9   -35
65  BABA     38.5negative_FCF,f   31100 12  0   0100    2.9   100    9   -37
66  LAC      37.5  negative_FCF    0100  -  0   0100    0.0    56   -5   -20
67  PYPL     36.3 falling_knife   84 54 29  0   0 30    7.2    16   25   -26
68  OKLO     34.2negative_FCF,f    0100  -  0  12 55    0.0    68   -9   -31
69  HDB      33.0 falling_knife   46100  0  0  18 10   -1.8    33   14   -29
70  SMR      32.8negative_FCF,r    0100  0  0  49 55  -95.8    50  -83   -31
71  INTC     32.6  negative_FCF    0  0 29100  59 30    7.2   -25   -3   264
72  COIN     31.6revenue_shrink   22100  0  0  11 55  -30.8    51    7   -36
73  RIOT     24.2  negative_FCF    0 17 14100   0 30    3.6     5  -32   106
